2 1000
0.4796392504267196 0.5621420842845707
0.5376314619317174 0.5605187591357532
0.5961317731912384 0.4195108325410476
0.5781904679908544 0.6261741138162901
0.3675449655626727 0.4721553465168371
0.5986549096982082 0.6280295967434493
0.42170139982260635 0.6570601193607856
0.6701036225644367 0.47531672732840213
0.39149259680879145 0.5252826923039735
0.4699197249042474 0.33211186136829995
0.6372928323786448 0.4761443390746213
0.5775412949778337 0.5012375949146101
0.4568159643556805 0.49121173382169214
0.3984269136562226 0.4509202212484337
0.45966926786376106 0.32944348137155355
0.6166336276402339 0.6076518661569753
0.46263410766443136 0.594474548228718
0.5281515068798548 0.3044712707106667
0.4968303369644149 0.6161541993531339
0.3854460661925677 0.5481617167599754
0.46140356940283966 0.43866920439053336
0.5296845440550451 0.5272121044072275
0.465531122316317 0.2876118091772165
0.5139052986793263 0.6368877110342687
0.5032340199566525 0.2515032236456052
0.5384559277140416 0.6251016044652488
0.5310603942705504 0.3511457721156389
0.3572506407183488 0.4330345995245186
0.6028188696676363 0.5621850177902523
0.6215747869193312 0.7023889403772092
0.589962186651595 0.6408715769342139
0.5528346826923926 0.38396758040998336
0.5124645813390108 0.3547760284362561
0.30035640095013527 0.4217766220095478
0.3218038553740411 0.44874544255486504
0.5388650473640082 0.6008505699770408
0.3905697429289213 0.49553173883907975
0.5782786592212831 0.5882122691205676
0.20762915786025604 0.40839046001218215
0.4113682654335481 0.543610319930629
0.5318156504370815 0.34807137056024595
0.5427137046395727 0.597195851348239
0.6085749367788637 0.6374848039455807
0.39642138684970796 0.6609512478113657
0.2502105428084427 0.40613402241548024
0.4739624156781037 0.6071140595800141
0.5717736915433138 0.41921013251633765
0.5212968782629753 0.3792130780349652
0.36222157074016437 0.5984352618015744
0.5309558804302322 0.460518950530458
0.34409591678820883 0.48589376946401863
0.19378106554220642 0.39764315506544956
0.48052364127147684 0.5106212766893087
0.5484994498155401 0.37316231737394623
0.680154261224055 0.48220923272103366
0.5571282868633818 0.6380669705168789
0.5899807794104257 0.6231934753760895
0.6483988082281665 0.5184152842192601
0.5543358584324629 0.4431295618807035
0.6123860942301677 0.5386358123398008
0.5405658987625531 0.5690898393827084
0.6692631573157543 0.4813548365324216
0.5871971220640481 0.6371839662471321
0.3380758004849853 0.7080162069970148
0.34905659888746265 0.6885370882674363
0.45286032641932183 0.5005658059155781
0.6041307890669191 0.7014731938529256
0.6203508683383072 0.6165683498398288
0.5669803382760934 0.5313756867197548
0.37448279191246536 0.6617629826250605
0.42756465689735734 0.39506493648910723
0.33255925895686755 0.47318959662954896
0.5296933192420542 0.45730630870120037
0.5975281636556766 0.44711188299424476
0.6249397352644808 0.5034270533836175
0.512602505982551 0.6146122677519614
0.5005652732967673 0.5073810326631285
0.5215695173630458 0.5932249958975255
0.45523962690091047 0.535050481632188
0.5320459580327622 0.6357458361245896
0.6468465330676131 0.45885407792366495
0.538182147112703 0.5690279063449247
0.4780612810353555 0.28742174498729156
0.47242069018407673 0.40746714722714383
0.6217190025742753 0.6492207919029115
0.4872691060948189 0.23414492896931383
0.46825627426227223 0.5578768453155334
0.529475737116261 0.374544140338563
0.6179846467889518 0.6263170542060134
0.6298472570662177 0.4501584532348396
0.501988881532185 0.28228199467521475
0.46806932347760777 0.6436200783849653
0.3757601451849667 0.5111401840743729
0.45548409283684554 0.588596575291264
0.6291963323896199 0.6932164616300652
0.5481967999642082 0.5774573572709669
0.7761477817155734 0.4134652620247644
0.6524991777618137 0.7315459242024046
0.4724543776228063 0.49340122450387747
0.6763778496263159 0.7239466997890571
0.35575001812506724 0.4774606228223294
0.4416203081364585 0.3776574342268959
0.5794821746298322 0.39738171580706916
0.4431856800350673 0.5755216473140976
0.3896388595054082 0.4641658533427977
0.49722351526403097 0.23810747440190672
0.3471244682226804 0.6875132517721373
0.6260605764785921 0.4236056435401301
0.6372760469113472 0.6609376367531566
0.4472503908568165 0.35628604324444724
0.5540127951156377 0.6008361385706573
0.6380994833304363 0.43611043113958625
0.4901700008151231 0.4598607257595957
0.5954464193220573 0.5185900957795954
0.6213293674063531 0.4801380858733003
0.3871112490568518 0.5347894254728159
0.5669813432680815 0.5012996244840026
0.6927640791156708 0.4823634591094075
0.5571797452229681 0.38362703399098663
0.5654046436845203 0.5126245074233567
0.36239241229618924 0.7242135220611139
0.29868006154816285 0.4369621970770087
0.4415361885831025 0.470562276959944
0.7486851104965396 0.4273103574780257
0.47299580588521717 0.4691835103178156
0.4773692324696951 0.37360374038490385
0.4966779703286822 0.4106183203141929
0.6826958256753214 0.4103502154357431
0.31524036354739127 0.4661995479920248
0.4684937670631132 0.5207626307308589
0.5318096289583805 0.39680730074888615
0.4571600221070127 0.5419801280197549
0.4087583087695862 0.43704890212690495
0.4748306187405732 0.26029445304423493
0.27371770321031674 0.4125770999569499
0.7594622219971142 0.40856510412044555
0.5234450471252362 0.33576213982263436
0.5318385007171773 0.46284598812315547
0.49115685438702883 0.5161121303370062
0.37857340471111633 0.6233786776162229
0.734172709610932 0.44315852933615907
0.48137086202260804 0.45085482893046513
0.4296715065779282 0.6197353977449974
0.6828932291580588 0.41158089520486396
0.4984702894698003 0.3746097336710763
0.5538560025429846 0.5212383424871931
0.4765207181809088 0.5045552096330808
0.37721269891125364 0.6492901224660875
0.4497561057702595 0.35413669050227514
0.522571132992541 0.4419886337155364
0.5516081117224206 0.6325249582777269
0.3450963054265871 0.47224084039958625
0.3460769294664062 0.44897110546157815
0.37314113098677704 0.5070277067548355
0.4808024878921584 0.4336161484004477
0.46940404776103406 0.4530815379408093
0.4324563678393145 0.42729159950705253
0.6741781246323574 0.4280411188656963
0.6078061021316915 0.4445680026939095
0.45430454277886556 0.3426559694414486
0.543517241193199 0.44539915554531917
0.5459153526004782 0.54185730840467
0.3694768713911968 0.5198929341614691
0.4288022945237471 0.4100187132779868
0.546547248714743 0.5873443362938331
0.3821323183258467 0.5744489848992665
0.5397653020794296 0.6118048570756826
0.5339424470844758 0.4331596933177989
0.4714140938711563 0.43958377034616525
0.6648619599686728 0.6851474601259243
0.3418817410611218 0.7082246664972431
0.4769676649198724 0.29416985364539217
0.6145937440546247 0.6850118478856158
0.5914019093903724 0.43900902316326273
0.7496521534787236 0.4281562470187489
0.5307312224236179 0.39092320429172434
0.48931770458190404 0.48805003400426694
0.6540610699594627 0.6539055362577769
0.34386746858625694 0.4761939800123277
0.4567984633818819 0.6093962660782376
0.25164243414962384 0.4041285810915132
0.7749356854432814 0.4239197200104
0.5504957963692843 0.6225252778226485
0.24582387421827745 0.4352166080156299
0.45518195189766775 0.6262570217598609
0.49932938165094054 0.4050734748952245
0.5597340852728294 0.6123531614507547
0.5692158475054601 0.3854466796641536
0.49565757544847455 0.5007755909137197
0.6153227210092185 0.4471451655017229
0.5264657273153163 0.5916628985372937
0.5320355715180476 0.581382179388586
0.3483488152669064 0.4603810500960671
0.6201558337362582 0.7140988268178565
0.5335171542279488 0.5270062338695309
0.2231124666557449 0.420518165264422
0.4368919987177926 0.6170613067986115
0.32795397747637023 0.40514543568042805
0.512970642985361 0.28398846157680313
0.46786967555934067 0.3658623513420739
0.38750044052125254 0.5756025687398355
0.5489962180388098 0.32187937819484413
0.5718246720321263 0.6067823572796176
0.5922859951703126 0.5039969944687336
0.46226542070615884 0.5080918959876407
0.5499263678062765 0.471739062583985
0.49782661060613564 0.4902579193941311
0.5496066860908096 0.5074592108077463
0.5817131485228985 0.6581630263322976
0.4137239905811193 0.4728497249148451
0.47047250396947526 0.4920004895722868
0.7354291504119546 0.4012159922292837
0.5058173095112964 0.23531439780197982
0.5418671118390119 0.5806850137628466
0.4547870007432999 0.6253137903453985
0.4307848589817185 0.4154844076995797
0.7420423084327579 0.4444209776673389
0.5613332210798564 0.399224397409936
0.5116325685578291 0.5242884058849083
0.5967557723371727 0.43448280114659876
0.36227857681898856 0.45599444748918794
0.41359489393132 0.48392308987381905
0.44491120996314726 0.5377762790302814
0.3015098498879838 0.4214368908703705
0.6052255252063575 0.6258523294862518
0.7258910608187933 0.4203356053095715
0.5079245612189858 0.521270672533084
0.344614110659491 0.7145509734758053
0.3655167179254677 0.6030744111463302
0.6258941261248622 0.5552771789861841
0.4488942995195514 0.4617515258043966
0.621963559214442 0.7121649617889303
0.44342237859925293 0.6129848922462532
0.5010348085879881 0.23812591979322328
0.5724386104704674 0.644756933240456
0.49419684953451126 0.3765407400294064
0.4886238139559992 0.5705141040417494
0.48545540416923283 0.2852017796554823
0.3947464965618632 0.5507103349513385
0.5507352517551243 0.35749390044218743
0.5583571525532005 0.38747109918737377
0.4424931525218898 0.44813726579687074
0.4914344678420869 0.26986255630180034
0.34865240744686776 0.6785059625235944
0.5392072101203956 0.5716311749389722
0.39365961388710113 0.45537730637279195
0.3846983285285739 0.44580627253145044
0.47886489608780347 0.26622940055732836
0.7905391208486804 0.4056006558481752
0.5192139718270814 0.44638224376222513
0.33877290621917056 0.6791187896575067
0.2561640595968535 0.40776190652199806
0.47741181228525675 0.41761152171773386
0.46911917009292814 0.28907693969986914
0.5866274530889424 0.5699416934128767
0.3024138071104515 0.47911848926014877
0.38835815862373047 0.5898879558431853
0.32812673498483147 0.40761823661320584
0.5236227644266498 0.24901200094063014
0.47480266556822626 0.5241974328422631
0.45537609092107845 0.3728799307085576
0.46840431541183325 0.6296655635046398
0.392333738293948 0.6316485809146078
0.4462821132140198 0.3967343979492003
0.3415303906667866 0.7169050545946117
0.3774763094415867 0.5981489603867489
0.7586687009491506 0.4212076971032267
0.6788551962437833 0.4011008013386802
0.5480038869484105 0.5085475776675624
0.2390545609083755 0.4070156166046711
0.43060886678094845 0.6274867653706927
0.5909841952870916 0.47809490391849396
0.36431318272262503 0.6136258878567342
0.6882205007601093 0.48031698573605675
0.6449640757088991 0.6532180122534685
0.5392779619431759 0.4275289643224822
0.5391148453005395 0.6247625443450997
0.5654841376520684 0.6658950921303565
0.4919228815626434 0.3126608390643779
0.35837679602874306 0.626518787969015
0.3815285257285643 0.6747726905010115
0.3326102055099116 0.4994051023244923
0.600799127098367 0.4298944536325682
0.6144480333097843 0.5583469698590172
0.5500542913853768 0.5247886894356796
0.4401762509216697 0.48347143342154997
0.3317764365032342 0.4443871297461517
0.6128146775472135 0.6776653315310676
0.29774885441606236 0.4444066447656254
0.44320604205622416 0.5532119390612072
0.5791316525972399 0.4501838191274611
0.5903062073901867 0.43224112256463365
0.3824343306735122 0.6642681537934411
0.4930987934895761 0.5788534788918155
0.3779642977992139 0.40287242233287524
0.39386084009021516 0.6854238716960409
0.45287458251516544 0.4544753583825204
0.5719343965219452 0.45885402828504707
0.43833777126276796 0.539918372620492
0.3152967876083239 0.7448584961815318
0.5356799321764987 0.6318089526724089
0.49293375386260463 0.35265470048949876
0.448274279193853 0.6306930451584474
0.6179148209164502 0.6955761945280109
0.37033791870502863 0.6679700523803597
0.344528739461226 0.6459858585736236
0.6549134191460074 0.7221382601283007
0.5627142675920124 0.5684797461624747
0.44638644348519385 0.5618176194275211
0.40583205848423143 0.6473514739695693
0.34095557666612863 0.40090700046749905
0.4408055487202249 0.4837336653051767
0.5942138608071476 0.5003685859867051
0.359570934070939 0.4370962824001424
0.42297567201425745 0.644427169305937
0.49479943555702766 0.4278039146047027
0.40218051352016415 0.41596310485541177
0.4380364191978897 0.6315058532722496
0.43716299601616604 0.3859120123577312
0.616069840846952 0.529921014409552
0.5633099222675524 0.4739122037499718
0.5185825066224459 0.3026381076503273
0.4516772109877155 0.5876783965910157
0.3834970516964388 0.5544921345759883
0.5151713162856455 0.5837879332311229
0.4756960479680078 0.46371407038442214
0.594184591210945 0.466917095203253
0.4671999661279985 0.4373664633627016
0.33034403570039517 0.4235534203362231
0.4855580038577063 0.4493017060295198
0.7003568698309887 0.4031094665056386
0.24877253709019465 0.4356195268629818
0.3036149952020736 0.4103048728966294
0.6347727457092859 0.6206290263104322
0.5600381470835119 0.6634356554224111
0.6995853548042457 0.4415493826356284
0.37802260453771763 0.4702340958850225
0.32643688746163835 0.4983135829125398
0.4840264756885796 0.5086725724426351
0.5615288715047294 0.3936037055445707
0.5480239632919174 0.5256625919443018
0.552405981896492 0.6347862514579106
0.33557268304086907 0.7327984725514445
0.5614776842994937 0.5600964515920337
0.46674498649086216 0.39840557563147794
0.48789207883847674 0.5214767491602408
0.5317368250644223 0.5763434327442947
0.2959172525832524 0.43409074391286284
0.42849440282836604 0.6194951141269254
0.6098013497503847 0.4011661298493253
0.501233236914196 0.5095233613678899
0.284466028963849 0.4552358730025027
0.3394719271122496 0.41717292059440725
0.35786833672373863 0.42673147169627035
0.544970585867512 0.3871127983917553
0.36907549868343414 0.4876104105326192
0.42988006586698446 0.6053101273444215
0.23254825052902794 0.39939498967974996
0.3682609674940809 0.41853708302400927
0.7042257860778749 0.47116678048719407
0.6209704929904064 0.44526635199634357
0.41711645805121966 0.6491740731089527
0.3494402790509614 0.45501220346010773
0.4961979410729789 0.30420067870429446
0.5726615399583158 0.6296437255703291
0.4929245411132429 0.5200643497071885
0.6760161401261057 0.47076393853268506
0.5035039519991545 0.48965212075489484
0.5535990491264272 0.5850080870211062
0.6500594983741577 0.689658524848163
0.22048972306089598 0.4115634000312912
0.4272808759988517 0.5946900737347163
0.3440072680238171 0.7367539677416841
0.6571475708457888 0.4566389745852022
0.7242253650799565 0.3971397889031585
0.48331987517941655 0.24830901364461955
0.31424043840267735 0.4242143702049678
0.6442115858435756 0.7019246850055932
0.6563565032056488 0.7166369004478261
0.3837852280981129 0.650144302100187
0.723846451705301 0.4169931849033004
0.4493391045130902 0.5180846745763569
0.4486106528440308 0.5592934118402386
0.35379097953759653 0.4756211124266423
0.6312833921132767 0.481960263643472
0.4988813612280719 0.18327911746954262
0.6442945904360543 0.6564259061123612
0.30144418382293336 0.4090698546324554
0.4019709589171274 0.4980280890490515
0.35140027619532277 0.43103863089321504
0.6144697986621246 0.4553208654466546
0.4125264349148525 0.5552352838979471
0.6000169102964908 0.4929045024781469
0.4285137895758424 0.6072069853772977
0.35017692946209367 0.7003020336988647
0.43304796398913314 0.552931682102219
0.3047976015151871 0.44940603608967655
0.4543881793979594 0.4356947291786478
0.30606623373150443 0.47293482116811647
0.4878834219611192 0.597494222612335
0.3660119762442824 0.627047176177965
0.35651338481183237 0.6282219582965272
0.4863019734284306 0.25044788928589656
0.5920959674239813 0.6677285580469097
0.6386966031193341 0.49699568919864234
0.4289817841191854 0.5419178322916915
0.3689299479127447 0.7105179005086945
0.6550587087730734 0.6931057225345214
0.340027520991975 0.726208999188489
0.6515763224008975 0.5018537136126853
0.5167503440056729 0.486413510479773
0.6181571817707312 0.5951794632523079
0.5284120825405936 0.4268591283587124
0.5610676119139071 0.6486857620412254
0.46275859260733865 0.49957994044782184
0.5227482909518573 0.5021712637415676
0.648154752391833 0.6453291596835122
0.5292914842126187 0.3298995919212053
0.6327064956368391 0.4004722733778331
0.5558381495611584 0.3985055853806071
0.42888187364069785 0.6612732711906155
0.3599532012046768 0.6441554590107587
0.27338276913109383 0.40139735597611526
0.43257816501880153 0.5189489428947106
0.5288579603660055 0.5398084537805119
0.44010088890447074 0.6314572119321522
0.4655802357256448 0.2864863464847214
0.7325068219142776 0.4044644265353565
0.5450535431601014 0.3756235894012493
0.4831546529186127 0.6099277955935289
0.3609822335844396 0.4163290467454046
0.4365076227346325 0.5017698783541739
0.5365904941642096 0.4595811225198494
0.5047820945167006 0.5378613719418193
0.3111897827116221 0.7505360339499921
0.4525444566438084 0.5584857865442358
0.6362853291844855 0.6366189118369173
0.6062485112726779 0.6969904966964963
0.47895466455419144 0.5608049097692805
0.47316403975367416 0.3149460722303372
0.6094968864543931 0.6944486216818535
0.32245256952792845 0.4416088802520334
0.5145551804060157 0.3557363378835664
0.5906073492017082 0.5993477197190671
0.39305182376531644 0.6244262907605926
0.6500094845723062 0.4712668430895737
0.5964100800524254 0.648746319185759
0.5097453062121177 0.5628751134925197
0.3370460446046424 0.4441516351000092
0.5490620851939111 0.5467484864215015
0.5701573005138012 0.39543484961807407
0.7418935589963663 0.44854327655355275
0.4407234374050437 0.42643835189921653
0.570513503728271 0.5214455567315339
0.5883001704321508 0.4963996630640847
0.695096032415705 0.43384769004683266
0.6408638472520958 0.6198381991555838
0.43060263067112503 0.6404325582145347
0.4116431024010616 0.6189538724801417
0.543605003555933 0.6088662326120172
0.4296818552503794 0.659267599621301
0.4208739715017419 0.5809747231529275
0.48657452783945054 0.23586439862934827
0.33258331371403815 0.7427173758590911
0.49148951855978873 0.5836172101080341
0.4393041838365135 0.5750462672614837
0.4038955397753522 0.5750705489779073
0.6623653966805669 0.7412752630541678
0.5247877459659049 0.6393640154498521
0.599097588453733 0.5208285914955116
0.7029497204063637 0.44203712353047175
0.4195666286867844 0.562401366562244
0.6163162650514731 0.6018954355446328
0.45740383316535194 0.5385234030907864
0.27934845687903476 0.44033987827414667
0.6986016884829847 0.4363599834403551
0.6188917511794436 0.6058334419324365
0.5838208739467542 0.5612232419858596
0.38636023188717705 0.4165111366843618
0.421335808588329 0.5337728009663891
0.31541017048669184 0.40952997654423406
0.6187210345851214 0.618060095019377
0.580075474821355 0.6169575720244785
0.4867773764132548 0.5698413512998747
0.5528008987371062 0.4150433847541334
0.6103463084375246 0.6631026229566622
0.6638923455056515 0.69378958675347
0.242947905215965 0.41665717491400367
0.6217019763853864 0.4650478858818927
0.3933857747086963 0.6963461529122058
0.3796128575863602 0.446058963184783
0.4307087223533801 0.6392816860597915
0.6715093083091981 0.7302738988127554
0.6299612616912388 0.4505412433278504
0.621064973048465 0.6903173613815611
0.6340414368125386 0.5270039902271149
0.512356098887895 0.4940416724950728
0.3453025309261909 0.6449485873816311
0.4559635133380886 0.4161724297612638
0.638267486231019 0.6042680337172092
0.5652560599378322 0.4441086343762167
0.5439412913329261 0.4042028233616095
0.28809472971839734 0.4303516430452812
0.660039688185447 0.4177226437435576
0.4006007956480371 0.5678380543833247
0.6438896841617042 0.4822188663554836
0.6398838021480637 0.4618188620491669
0.553116560805923 0.39207997328197475
0.43694849875799036 0.5090696260401587
0.6229012783224498 0.49384450071889174
0.5738897058255255 0.6558212626638151
0.425981626062512 0.4354683389071038
0.4658210659377042 0.4497752772073391
0.3633838988440301 0.6010336147850698
0.520529885389475 0.562141032859781
0.373690866016832 0.6785910208897556
0.41471458196108435 0.44349042718455856
0.4859778809134626 0.5407388740012037
0.647287603315552 0.40783656592978845
0.44549380794287996 0.38143628613770875
0.549425822311885 0.404850903766939
0.5975111441789132 0.6572511992077761
0.6464662930906165 0.43740771705381554
0.44564836010771935 0.3634484932745783
0.3341561765844254 0.734965921587225
0.5298770365451428 0.5805691520566825
0.6916670173596418 0.4011561246968369
0.6457409623866645 0.42611418993963635
0.4885703751216868 0.5979487366622264
0.5829441299368071 0.5321098361054554
0.40431416660924646 0.6246534103642182
0.41217685966185846 0.5786351741710335
0.3421350878381392 0.43915842319218434
0.4260557786195437 0.5989739753672452
0.4915365146665105 0.5149864237115758
0.5646915185092406 0.46923248719872523
0.4971330521343438 0.6174290730247556
0.5495741843849714 0.5725896898510127
0.4481248027910264 0.3546072042375169
0.4987545693751628 0.2665037895786265
0.38882041729413896 0.4395776597842972
0.5507168843957831 0.5699611195976203
0.49160391506115975 0.4536947492017688
0.6401668231555032 0.4038144028732824
0.4432287331614023 0.6620793250401014
0.3742545264743842 0.4169392394211653
0.29688713842604786 0.4403562613577302
0.44194308880363187 0.349984822731901
0.5516040113149018 0.40825052162608044
0.4844513794666848 0.41834982824496103
0.4681292484770575 0.4712542110136859
0.4350185732950387 0.5401961683727343
0.39863073381786907 0.6558095598379338
0.4465567375766082 0.37267549319506754
0.6192068338955434 0.5437251349411618
0.5228738554962953 0.4044238304540374
0.6013697824062115 0.5679902696261536
0.46705743369687525 0.3364746152740209
0.42814908391356066 0.43871593103564943
0.64492233726066 0.6549172936953402
0.4469463411103124 0.6116788024665939
0.49428890472695375 0.41367898543169035
0.4454143545027345 0.3677414593656715
0.5265131425661251 0.2856149966189443
0.4712223301717825 0.6044468640781022
0.5223924542062018 0.5503887003294061
0.3665008659384209 0.6544613888556763
0.6465313092126619 0.6260845768648873
0.4210013424703142 0.4315503418186901
0.3786699853903659 0.5482533096464024
0.5059437393212199 0.4709819744663464
0.4635144476643297 0.3436448351282988
0.2528264316117391 0.41851533096257576
0.49970097906890776 0.507775986853758
0.36865148140905724 0.5023290459646425
0.41020807504386925 0.40013304285333495
0.6360113365376101 0.46861766941821315
0.3438978463947444 0.4826552759526259
0.3829155626932943 0.4580290710657331
0.42545698616540584 0.4586132091949232
0.6301085525442466 0.6181967167404461
0.3909623444299011 0.5254213328780654
0.3964494383557764 0.5276818603633073
0.5858904062059762 0.5791785074753286
0.6917648360124456 0.4147571365621282
0.6488951201645455 0.5140982509200923
0.5109872529831102 0.40156873147106287
0.4610103955018119 0.4943267297274897
0.4647963796035035 0.42358518802642886
0.4495882604599871 0.548232969756375
0.44395436751929407 0.3899795726424278
0.5259610280911884 0.603921681534849
0.5013658720360952 0.2810211437853598
0.6311187866074034 0.4745565379927964
0.48820815106575055 0.6304658307706513
0.536508315862432 0.6371215359094187
0.2716928287769562 0.45294022185654403
0.37030861918474023 0.504868867493459
0.39800207269069054 0.5415425965813769
0.47680707592034244 0.4176830304298276
0.4548905719050297 0.6236749841989836
0.5267997358007686 0.5715621935746508
0.5552158733592789 0.5907118258023358
0.65351199258793 0.41601893803710954
0.6300895301945921 0.6573794547263911
0.5789916685048148 0.573384754249106
0.545657579330414 0.3722227620009467
0.8114018052767352 0.397694945532987
0.4788278228014161 0.2520831995139763
0.7459750489256296 0.41229993940818777
0.4182497879054391 0.4141133799769364
0.3908079044842957 0.6058526633893646
0.47338774502996794 0.4187714745817295
0.480042136759685 0.267237713384733
0.4994387804369239 0.5835160017552501
0.5929512847819027 0.5240847666911304
0.6265296929794616 0.6563319728090264
0.5840769392036393 0.6691093269872894
0.5993370536336493 0.5512048990538975
0.5494759968131832 0.3725007082310984
0.561518588550545 0.4381185372612665
0.7228492902749344 0.46427947578563533
0.40132768938942975 0.642896630159207
0.502209949976127 0.5892440273786328
0.25002842025753413 0.4258223503836708
0.483939615179081 0.24809040225183066
0.41899200572043305 0.5046868285740661
0.5046658261764936 0.4490647578462006
0.6255061071280192 0.4443358067838471
0.35058121394945607 0.5131100627253731
0.3584077535646918 0.641064563304896
0.7988871385752976 0.4067940228810283
0.5709556312271293 0.5232607269256734
0.42185986490140026 0.5653366090190007
0.4832132786828215 0.5308999324417152
0.4316067091727186 0.5682051827883567
0.4357767704972566 0.5078347838391684
0.3806955311274419 0.5992837243685849
0.2547904765311344 0.4455940432290165
0.4104086985842508 0.6436004381128018
0.6590792919591266 0.4100148044492935
0.6373066442041198 0.616481704078469
0.4824060803286684 0.6219898315868684
0.6700113562321345 0.40214193375676
0.5210893073100143 0.48420208870465986
0.6353106488029708 0.487194840229745
0.3386531523696529 0.6869013760269312
0.5078259152059095 0.2481937810725413
0.3405969357173848 0.4576108449787185
0.5440149725057775 0.5689472064191781
0.6149692847658141 0.4158316058579331
0.3960000247110359 0.4521321638723218
0.5634123976785284 0.4593021960771825
0.49620644597351304 0.2778788324676549
0.649064888952596 0.47817373787549555
0.4848751464469647 0.3853464135273158
0.370934428197077 0.5200093228162356
0.41264542501546386 0.6031642753553396
0.555600622439715 0.5645401767275504
0.5521018074856795 0.3491458844280779
0.41772350347053067 0.43972755270418895
0.4258195213325777 0.41099240595459263
0.582136438217704 0.5080572545977182
0.2319821876502155 0.4294395383491161
0.591372745627601 0.650145218863235
0.43102076378263066 0.466724254465817
0.46320141349924115 0.5774687946728396
0.502128906402825 0.5992435689501794
0.44821366003445307 0.34214281235729016
0.533273542413771 0.5316483286299023
0.25808055928560425 0.44847762529385715
0.5589188162555161 0.46812790276574834
0.4464290703203493 0.5739110333574285
0.46426634966490443 0.6368526598407965
0.6392792918588768 0.5030892711326425
0.40464487288438766 0.4559800879334831
0.572693616924778 0.43803496757999605
0.45163566429986857 0.6592045175239936
0.597289998896702 0.6031309163729148
0.47417002007264963 0.2816312931030335
0.49291480953585876 0.6047799495279926
0.77228831105011 0.42840910769830653
0.5032694372103124 0.19861528069646905
0.6025915970123259 0.47055978435137746
0.5308526612951596 0.5221419175356516
0.6715471431112879 0.48092348511646243
0.47677815692460734 0.3717323692152317
0.38359549425210504 0.6875561628729852
0.37194149146461974 0.6446196973268385
0.5008124475189418 0.3069922141052668
0.32541951218861653 0.4418906802984621
0.47246054716394725 0.5526273628986813
0.47031190065189044 0.3313081583481866
0.5805212342172715 0.5982033158688149
0.5131354019240771 0.2916944823277894
0.43025983570742377 0.5420126728682048
0.635278360815154 0.5954931833185615
0.5683238652831302 0.5371624120471054
0.5791272130857945 0.4477234935416936
0.5738192388924369 0.47138878384445804
0.3713813290367979 0.5753491341909146
0.489174334495561 0.5429204793312534
0.48188784625566794 0.3504787530400437
0.26934046263373457 0.43126632822236555
0.5071757214586807 0.2870205535467776
0.5586780724977373 0.5041424576849431
0.5406058193616791 0.553304884056014
0.576878853829401 0.459451951929414
0.24139455044173042 0.420722145404995
0.3578399665983817 0.459855498765651
0.6791718924030624 0.7545574191639315
0.7648296317202373 0.41514502432293354
0.47808368633017195 0.37517220756860836
0.5835067679787198 0.41107709465937914
0.35199072388303376 0.46122836602116113
0.380213197053071 0.6369281650649927
0.413946987502833 0.6198487145431888
0.5831215266423907 0.4878573322049441
0.5484332810411309 0.4070371732819065
0.5838617897578847 0.4226559447995937
0.6445087856463142 0.731312738404719
0.5789975528154346 0.6585399413913913
0.4582903079131928 0.31061517438402386
0.5456901500585551 0.310206573982418
0.6860281993952658 0.7405033308136717
0.4150392217558283 0.49045238561335136
0.37560999166536657 0.5067537381974061
0.3519797098639029 0.663510831130833
0.5185195114391046 0.6115607852176883
0.6376402924127091 0.46521550288475044
0.692472022245035 0.4099259893673103
0.5971165458177552 0.4721417769685128
0.37774021812936776 0.6858977748534231
0.6056477311690142 0.6681265800422763
0.6072133642668135 0.6954427891301228
0.6519628772909912 0.4689895835733857
0.5046007935803477 0.25426231452127956
0.546663073206416 0.5429507778590524
0.6477754103501017 0.45686788690764724
0.46864035781017865 0.5007373427950758
0.6028639415911194 0.45600860913348196
0.4660938252105007 0.34506731860553097
0.44229461524095104 0.5492419469705163
0.31385908478966273 0.4390742528813516
0.31273831727279 0.4571792730240728
0.45978522989304704 0.549991581439683
0.5976936824335093 0.6606407991052685
0.46719489100378964 0.5427153929683326
0.3305211911136229 0.7278987719526364
0.6462851600581733 0.6263060421262454
0.7018333722829938 0.4137150609142458
0.48356804131358677 0.2624054652115986
0.5417728183305475 0.3250333402995602
0.4452762141920582 0.34413854097261676
0.4871364545647916 0.6065575810840249
0.48893262108029667 0.489850686061053
0.5551937331486974 0.5257647617627709
0.5227237344649011 0.4178052491499472
0.34511498546878316 0.6994632193888696
0.3431541577941809 0.47286388929398715
0.5962680558518355 0.4110466817439067
0.5309755389319837 0.46228686504002725
0.495945866117777 0.46734761432399163
0.37591556578604435 0.6646678295293026
0.3332927400206376 0.693741612002486
0.3821490301463685 0.6368231090442269
0.488429550399583 0.4653121154643296
0.37890240972936107 0.5184804827716915
0.45222208435203026 0.3850207684203829
0.3280891304571921 0.4893122800681371
0.4054603654932146 0.6820753406820189
0.557164816183119 0.44728775127033205
0.6119551637629507 0.6153852675216944
0.633637723975791 0.41234143577891746
0.6621231260569611 0.7203308064314348
0.6274820771862756 0.5020356192040549
0.4798779628012393 0.4079979374774513
0.6514377325005108 0.4835441168348993
0.6258427125810214 0.521600438239572
0.5447800873860892 0.6206513582592182
0.36311192520829527 0.7185912937378695
0.5334880481016152 0.46328461583251834
0.5307174532235995 0.5235811001697888
0.4118481746956577 0.5827846467189156
0.5788354671862525 0.4260841612236147
0.601616270685071 0.521729711529743
0.6358518706986456 0.49282532378877697
0.38867149345882646 0.6756047967697649
0.519866137068905 0.35174964774175765
0.5225964981913911 0.6206052526665702
0.6418758704802489 0.4448083073625968
0.5676434805810441 0.5445686418181038
0.509977472027157 0.6249179455407512
0.42634433262587246 0.5471845173054939
0.47278169237844625 0.6373644233626392
0.5619905373494865 0.4317161925759565
0.5466098112270358 0.5898149022794656
0.5275760616943752 0.40653425575504687
0.531519747589386 0.5166692238494502
0.6488349582056597 0.4268830075137501
0.2272135384770484 0.41884000369024466
0.7399735899066237 0.40108869680248016
0.4517316055902221 0.6038577573018302
0.3845472369463424 0.4249791323382791
0.5631073525948839 0.6257900093813136
0.595949834210805 0.45381254987532993
0.5653497846291086 0.6107950727184761
0.421899112555448 0.6234643634922954
0.3789675120045868 0.611963196250649
0.46776338658173555 0.6141513949214986
0.5143384615579937 0.4698825624482038
0.480288974002677 0.5496131331555997
0.5998652348000206 0.6692926358710404
0.5520003819428783 0.3856251560139722
0.567523455994267 0.6036222888778618
0.6452546049863028 0.6977918633554403
0.5296761623895594 0.48535063004633705
0.543801672368168 0.4659975989129588
0.44274906644055123 0.39370612504352576
0.4574049923550213 0.5952947124467022
0.3429249176134853 0.6556026946966543
0.6187840149234436 0.5988021029845297
0.6550564795979188 0.48045802053754794
0.4519577992221846 0.3326487963456448
0.7679615952410739 0.4181292162405875
0.41129923475525054 0.6777216133903373
0.45327043285713264 0.45732453978981147
0.5249555942077877 0.5472799451975525
0.3397133032190923 0.6989113124021783
0.5299160901148328 0.46604262410519404
0.6626227420280899 0.41577975950744206
0.5961450040637203 0.48851683695302583
0.384529946250287 0.6357366755777704
0.7689698973519946 0.41543173892884355
0.33658836093059685 0.684048535671942
0.5014884161609077 0.40589625970155274
0.653129545356328 0.6686182428601923
0.46345974714121263 0.6493130950669118
0.32840814067375534 0.7334813644134043
0.5122714629776591 0.5128202593532963
0.25804746172607285 0.4115293363558046
0.5706395472006816 0.5325486339127463
0.4602789107050651 0.4613962878354583
0.5164967168937123 0.4673367708883611
0.5940402016182165 0.46838199215832
0.43868141738164357 0.3601437192686737
0.49819695305394196 0.5463240939295992
0.6552966366607966 0.6752512792442618
0.5017058107311976 0.2537723258483301
0.6296040576254193 0.5926119006110666
0.5985986275340459 0.5832071718431012
0.5596590017240057 0.5023657500419809
0.29817219764433034 0.41821911755040997
0.5024524554249385 0.5666741407634348
0.6469339312442239 0.500193802339409
0.6811097584957199 0.47133717041490386
0.7659791595066413 0.42018626190072483
0.37016286581751334 0.6419418888480187
0.5694258860272142 0.4568890167362174
0.5090589159419978 0.29479930888242123
0.3456765993497446 0.422525402296013
0.24413647782402015 0.41318571978430385
0.3578533173162681 0.6411619592394686
0.4355356869160246 0.5808887012837398
0.3599588484110723 0.42109556387512503
0.430971299030124 0.5606706801590986
0.48394730572972644 0.5753912651708034
0.34703677190180304 0.5092172392228278
0.44401327385709266 0.5848337654065958
0.40794799768218915 0.5554412314726085
0.6667955079463072 0.6857792151481625
0.5522657586503524 0.4382211703875384
0.37539729685127954 0.40692754839723155
0.49588334698585046 0.43455293087237934
0.4763158422402215 0.6444963556120471
0.5969696085287955 0.47791681507313655
0.5641937779095574 0.45911738506153066
0.3589975553002577 0.49614460643963054
0.546490765936251 0.3615787847460534
0.5575646894027746 0.43750696292062385
0.46107127283492755 0.6163864325627961
0.48783256417621756 0.29200509864782664
0.6229940194305872 0.4270226054114342
0.5217809231503124 0.38613832298812945
0.5074026400806926 0.6166983478473452
0.3054709642109361 0.767792993728247
0.6237884353096871 0.48768547153795583
0.49073392958375583 0.5840308657662457
0.4488769448039136 0.46173813062919233
0.505008895179971 0.4860206650033285
0.6050581365680837 0.5957097840502289
0.6746119488234605 0.7486952847790682
0.365501221539671 0.495698587292411
0.5648331239136022 0.6537428103373785
0.24615677213374476 0.4293390714379316
0.47766174237221837 0.4549252344665369
0.4678561637272157 0.6103539465797829
0.4227453419496844 0.4159987313370729
0.5810852857929643 0.45169161046165685
0.5198415331678534 0.3990643876738691
0.28752618517191697 0.4698003674836482
0.434027615046242 0.4527116873088307
0.5121507327919362 0.5045408678834221
0.46308810726564587 0.44112590933219864
0.5145238386568499 0.46500282438539287
0.6505137816591445 0.6355242819582834
0.22530778444187072 0.40491326816663986
0.4315849967664013 0.6398321754978322
0.4135197966773464 0.4967974653654841
0.5042048956639036 0.21600285251163887
0.5133343713993807 0.5631816205478343
0.6335754012094869 0.6396804757374721
0.2755151379329498 0.4019021275164141
0.6953545807933665 0.46954249072911647
0.4139131721763806 0.6793848825723569
0.7024216800539378 0.4042544043018488
0.5613199188306893 0.4587448775632038
0.3580506958923483 0.7281051943748419
0.4710145061658526 0.5652095323188102
0.4525535088567062 0.492593561589449
0.6556489709458595 0.7241526401529307
0.3478482752922615 0.41133487814792347
0.6659538681239919 0.7210398728677849
0.5449371485367467 0.5148810184742947
0.5867651905832886 0.5430968522099876
0.5715610217746607 0.4895742349951383
0.36789233961829315 0.5175378059185219
0.3450112955640623 0.4389122276164843
0.4773839783789712 0.424088867833913
0.49433704158326985 0.4079358329442774
0.5340354407196543 0.3200246041358563
0.7597760907911142 0.41128641833588075
0.22028054487657212 0.41560400204397985
0.4870967190715556 0.4897729808906952
0.5286338307158022 0.42499370526468183
0.3942998762229999 0.6875493369838828
0.6597745516821014 0.7257293532830642
0.4365047439226035 0.6466712697210217
0.6055514210866879 0.5528381103508705
0.47882852752138794 0.42773515250369376
0.44047517632978106 0.5571148331234838
0.4111781784817118 0.4463443555498545
0.4973206227397423 0.6194392916645312
0.5604395977467677 0.4914115562142122
0.42043925763909695 0.4348805173868061
0.4834285188236346 0.4196190477314078
0.40645802842830236 0.5406194413903384
0.4880481396590125 0.35716142905745385
0.5272583114101022 0.5572157118898957
0.4965611179193484 0.5268819334558879
0.4580859426957482 0.5984665159677175
0.33226324698876586 0.4421614399482342
0.5023343009099561 0.6019118872127401
0.3547338147316186 0.6804964871476095
0.502020046477556 0.5268387663522379
0.29689433373698004 0.39934310441362997
0.5934205107526477 0.6327589249440293
0.7075819938529387 0.47453353219320005
0.5838669565250246 0.48969589756874254
0.47429659924910317 0.6336645957843109
0.42381197870020093 0.5212476736547484
0.3995189432217795 0.6169096525318942
0.47755043957190146 0.4695371218615725
0.5756785418074241 0.41814979411355524
0.48860235270674024 0.345347810693165
0.6018673803983111 0.4843446014057622
0.5596665154810093 0.5296409791477239
0.5375087170586554 0.6209699507943522
0.39455818632335204 0.6816584533612472
0.49277202128633857 0.31786435699537374
0.6290991447203252 0.46999173685347895
0.4523394903175959 0.4626510999202256
0.5591120774601457 0.39584799390831804
0.4851025616285686 0.34221430833354227
0.4401613238278024 0.5176010251469937
0.6383266522645729 0.6704414172801867
0.6277823356795869 0.6544081481136669
0.42760815366070803 0.46643996432952195
0.37397425553093055 0.42825486921607414
0.6178111962256253 0.4019451369254651
0.6504633810722963 0.6501002259135482
0.7071702147050963 0.47326591528727213
0.5874451076980033 0.640817728788623
0.6393738541589564 0.5984017997748288
0.6652653191800348 0.4611708124550492
0.411729275198806 0.6507792859415975
0.49847278544635143 0.20924944394102218
0.2234138517030635 0.4202663063793871
0.4088705477844726 0.44294532946931875
0.4178023806992158 0.49838059491267817
0.5309663244716316 0.6391581502699275
0.4030179762157732 0.5553043519254718
0.5577057432407109 0.44128609727133794
0.31117371961211837 0.4032411621678126
0.6097487137334945 0.5495743127036966
0.4790381547433158 0.6182722219133457
0.5031704467299933 0.3103427606398331
0.7281641552441915 0.4093275931499215
0.4673012432144924 0.6265134737751709
0.3588366091806324 0.46415110502721624
