2 1000
0.5871739572893842 0.7370907376997218
0.7366327828815186 0.326306330069311
0.6182007471924428 0.6563232845308395
0.5683615088639922 0.7400591825939333
0.2561706848150088 0.6687374543347423
0.3965234542643471 0.24243677144250486
0.2062237053568563 0.3727936885562312
0.6775315142683177 0.7606245093679757
0.1732010626221382 0.563243109946846
0.7703080106411474 0.6665919148040701
0.2606249429690335 0.3820148873721325
0.42799435959173693 0.2347485424969813
0.394882478933408 0.3623040050091547
0.3278082197958273 0.22259754588937786
0.6980866547111515 0.7226817957397731
0.6153676043149939 0.24683711443089307
0.6514137411126928 0.6343103736980162
0.7304877863379817 0.4419698791727287
0.38144945999463065 0.29285748385045685
0.28836851846941314 0.407560666113885
0.27679953225564236 0.4051095417975582
0.675592601875711 0.37557859579654984
0.7478971861277733 0.5996897364326569
0.5382253836645653 0.19761687253956306
0.2224593416583076 0.6832449847791442
0.6170407634644808 0.6445044632395736
0.7785071650798316 0.5989050532807413
0.33732577280289566 0.7052218126781906
0.5464282784643075 0.7369761416025976
0.19021575934579804 0.5134056347741367
0.5394050337287035 0.6676556100836537
0.3664599471456138 0.3344505211488139
0.376990035097144 0.286879922635059
0.3309534065328238 0.31643624555389327
0.4107611910620721 0.25142564619081453
0.641693646518956 0.27295042511266754
0.2888218127718728 0.5995506919114443
0.5368370768728069 0.26346665457763296
0.2992302476751021 0.7210456648645033
0.2638416282993179 0.5689216803368105
0.770392843816846 0.38264704543809314
0.3783748938954208 0.7778410684652686
0.7538455419378884 0.6925160405755566
0.7712983060725717 0.4655578519971043
0.44628420990350304 0.7518913226724055
0.6085585769660183 0.6670081611461867
0.7224329820339083 0.7183378750036803
0.2926714565888119 0.5266085866762256
0.3157153324130483 0.7005642083361363
0.5171563248026889 0.7477037219373742
0.7542113286665673 0.5435922351479949
0.7690875525003237 0.46663277279037096
0.5822637459965286 0.65133677381092
0.6092979589773491 0.7082601603275007
0.8008584698836934 0.4163420754154038
0.33704069170893414 0.6427322760724988
0.36462234929520443 0.25267611375185395
0.779964400956712 0.3416398869818994
0.3224934139141895 0.44402178675743265
0.578048257352334 0.19323276721630034
0.7226240468598651 0.5197325780100601
0.34815204535772837 0.6045598982923974
0.43121506996453185 0.6691927528070016
0.6593647478977968 0.3284927967182085
0.8022768483980636 0.3842083726393941
0.5581410202137792 0.7665118952047476
0.6462370231423351 0.37655090430036087
0.684942654926327 0.30533071204926343
0.7034446707739539 0.25807494684175647
0.27073519063905327 0.44879000721654205
0.6894007980533772 0.5559198629320369
0.27276345654506384 0.7162556456643052
0.7108971430220826 0.38249576146287567
0.368661074023256 0.6194476615421954
0.24617609069125945 0.3175154192524038
0.5278949460772626 0.203534036719772
0.3703354996334236 0.6695684173904433
0.30666359535809906 0.48882978325562987
0.30209966062956906 0.7533215744154854
0.684528242608488 0.591970347277601
0.6001190869083318 0.32012143779553437
0.63129370935548 0.32323184902335544
0.7653665828494332 0.4381835623978
0.5684851587625767 0.7254745159289256
0.2859891585175278 0.5139044130059873
0.21128443243040274 0.3514835627715033
0.8047485595827156 0.6336603645786626
0.2177958355875531 0.6148676159157919
0.8109343725167276 0.6120282687808999
0.685102803768085 0.2491749390076733
0.5863269752318393 0.20352131993505573
0.4480341692058021 0.8118241013253034
0.6278629691979911 0.637226462638137
0.5277218983123944 0.7132480194567514
0.4873485582316093 0.3216929424446575
0.31133779867807565 0.4831022091954117
0.36301259044285816 0.776875274215189
0.5927023805291305 0.2777068176017
0.35028289276404345 0.6189323889463274
0.7120541087626039 0.4077210506930804
0.4876463444529563 0.1923154623474158
0.2546067547101287 0.2829820543129835
0.2731139137024836 0.6738328461702151
0.5470512763352249 0.7353743011137653
0.528803000410286 0.1731030671234276
0.7364577033304592 0.41657760525648635
0.8292396869993277 0.5504788056199631
0.292236109479291 0.3243500178474028
0.7115835486326789 0.38328460220812555
0.2945685102305804 0.26015347090331753
0.35020810393276214 0.33973737056478903
0.7254073484876374 0.39643863801287393
0.7033664815978923 0.6847640862483619
0.7049001845167052 0.4336892557921682
0.38494698138931505 0.6305805213492809
0.4296841630822893 0.3450200678166394
0.705344888234541 0.5197930798912077
0.5916314548643273 0.6956610992597057
0.4428710103224037 0.7922346022904498
0.7329738497088325 0.4112621536473198
0.3494423893663797 0.6408825681483247
0.6506139905650704 0.3746893834147703
0.31839452531040546 0.2607746446923024
0.249120233691273 0.6040150262261497
0.20190549578658135 0.6482744910055539
0.3486466538561993 0.6866096191388089
0.7827273364646077 0.4899367676800199
0.6119865775282027 0.7071455772515178
0.7539799882188871 0.48306212149100936
0.21833038094476065 0.5316450598925485
0.7710356967578814 0.5720141716426446
0.7463027630256266 0.6121734849306611
0.8069850022965226 0.43250505826231955
0.3294220260377272 0.28422627482225427
0.803756516586499 0.4857464107151127
0.7861200203958864 0.5360324280997191
0.5601845772729168 0.7923331562109618
0.269201216815969 0.32508370872724235
0.7302892749217998 0.6767415629978227
0.7164400299390495 0.6280706828275805
0.7270126277174982 0.568095650450583
0.7172195322708451 0.40214542156172883
0.4555041594341336 0.17418692311057127
0.690947065868395 0.6411542501574455
0.28726813353545344 0.6132816241646477
0.5858143834534537 0.2491020903838983
0.22616852091918727 0.5561325699867
0.7905617057656855 0.5209677137073045
0.6193059002904652 0.24390549988318688
0.3533852616069916 0.32122814876596073
0.5161154136066692 0.7806510900665008
0.5160260028930095 0.7637013117877198
0.2773628352665529 0.45520804299247974
0.7009853320454856 0.33315342512376045
0.34894455584773065 0.25570090102111476
0.6072226755279786 0.1964919697630112
0.29331229436529627 0.6481584395203466
0.41047476553580253 0.7451200858503474
0.6303175575172434 0.6245224785144853
0.19843370422889983 0.4198643117979616
0.2626157018529569 0.6548623556183825
0.205934535057694 0.4755118277633682
0.6644858767642882 0.7248681660179864
0.4951706670302529 0.683127619778312
0.602928646629088 0.6403684210107157
0.34145497991246565 0.6119445366785704
0.4055357075416549 0.7947848071915378
0.6760648009174492 0.34434758210854943
0.7366496005448646 0.3188037096981958
0.4091530758575619 0.3587191808547393
0.7337310162789541 0.3419280796182296
0.41272307063114544 0.3577459605510829
0.415605393256662 0.22227937330580527
0.7837230567691017 0.448647452790647
0.3434915423463507 0.5686672746175795
0.3807123483182796 0.21831160803197647
0.18614269838394926 0.4234979447360546
0.38562532643253566 0.7144519941063326
0.27658994340721677 0.5195433343147973
0.2883317908373081 0.46120919448554065
0.7110095477006282 0.5517538615302399
0.47865093254805113 0.789408460289573
0.7499213011021333 0.31649821068696116
0.5441855581084013 0.8016050164916925
0.4994702138534508 0.19779777992244274
0.5843515927057429 0.3352197653178165
0.24355391364661094 0.5150547522435571
0.5391415248874872 0.7790953263467604
0.39894282013924687 0.7177930032848131
0.5114768717910217 0.6711149554492434
0.30707752505803876 0.4315126892985235
0.26741768815572087 0.7303599761182143
0.18885451347918236 0.39106002109881877
0.6550975385983612 0.41657142343059905
0.5654899811195244 0.3397628102180791
0.7319994659869172 0.5821700670273016
0.28238056319735183 0.6513906399427145
0.647563565917753 0.2834784386314734
0.4359595371765531 0.7916895750332514
0.315659964538602 0.5743051598378817
0.24165391830745309 0.5148075867209773
0.6591507074540552 0.7350355350269874
0.3414596652690215 0.3019663179118517
0.5513680662140364 0.7376365857731861
0.361557353676909 0.22772737480998695
0.6115383048534517 0.22953848465488547
0.2766824382057844 0.7314769808623937
0.3410694926604547 0.5743672330749117
0.42611900457938556 0.7686957480862723
0.7452204135317136 0.6680522723319113
0.225830197002736 0.3762795017121092
0.5290182976534158 0.2083112690318537
0.5462408003268516 0.7858118864807008
0.26697223789518953 0.3670470617414512
0.3486172575579066 0.6920816037239421
0.3869774811112717 0.2503592499405334
0.1960656867706937 0.6336224752691727
0.647797292273373 0.7603816328698173
0.4951424809689602 0.8328732871223058
0.2807202474216469 0.5234628960018979
0.33502477688654264 0.4733173242889762
0.7787847113211613 0.3801860226194399
0.6620186946409673 0.6791702643491205
0.7403131023947683 0.5811539927007067
0.6602613385849045 0.5838441948377081
0.4944568672856404 0.28878829253290295
0.413711302314142 0.790991367277646
0.759101605681977 0.4700246489341915
0.5644088681017174 0.7406075416323833
0.6249457309457739 0.2789639648027743
0.7722531269224268 0.44138195681933545
0.49196393596384225 0.2728397423193072
0.7206127035104208 0.2808970804062907
0.7910542588718663 0.3797341497353254
0.1953942873012453 0.40742486458043015
0.44499315423232555 0.7343667447987615
0.6214956490394763 0.7825647462894467
0.21353041834798225 0.5402928198231567
0.6912329470603985 0.3018468059315417
0.643247988952283 0.6795405681404159
0.6929990780326277 0.3743530849410184
0.7075116995080571 0.7050905137399522
0.2531463393972162 0.6847424038530734
0.24345412842935987 0.691847773620618
0.687634295527617 0.422309435461911
0.4053228751092819 0.7407580401882474
0.5218193169509356 0.6929754459034606
0.6151053281710664 0.7776555675207604
0.40760911081148987 0.2777890982324488
0.6449628032706225 0.2677255027797817
0.27268510410884605 0.6146150592051074
0.3049633689155441 0.3427180764294505
0.22360498964708864 0.6628169083005588
0.25661862869260077 0.5225713918088171
0.5937587813776934 0.783479463533768
0.44551706846117933 0.7410335688587244
0.3288321776442058 0.6981425760514613
0.3124348199660554 0.4455171845248329
0.7756478007088872 0.658097451871264
0.20527725935607277 0.40234594000506774
0.4821377565322549 0.22250320522292244
0.37838865461226756 0.6194471536616989
0.7327978012221179 0.3734873498112039
0.6889236397091594 0.33084393723973005
0.7048285855172339 0.2901113994993545
0.760263794883767 0.637466730540343
0.32648859247285256 0.7813879028457362
0.38770387528848305 0.29880857970279295
0.679769526370671 0.24669451274038112
0.7807948744031604 0.611174215664609
0.7984173254345628 0.412248997628328
0.2598781650324844 0.4007251970914282
0.7576071174188118 0.49179148698046515
0.5655713739608622 0.7254220249635897
0.21342429861917278 0.6563942043319914
0.7142961252604949 0.29498463811231934
0.46959954289531425 0.3202402100102135
0.3824209828237969 0.7323423257274305
0.2538371271478165 0.5038055997045561
0.5202176178367589 0.29958490570189944
0.8098727961359876 0.39459738150398993
0.19164539692372562 0.4718766442659369
0.2214655438667401 0.615455294504236
0.4786055409672968 0.2986587048071625
0.2538341840141495 0.35080741778389757
0.25770595287498244 0.6623815575249395
0.8043348648544942 0.5681394429810468
0.3274115349777099 0.7095764966034298
0.662310076239565 0.45603592219145883
0.6928896875385924 0.6358674203896617
0.32453265541923926 0.41602407372265815
0.6761919841497128 0.5576462829767517
0.674932232680103 0.5835756752949036
0.3251443325971104 0.6439456934227882
0.5686354372615592 0.298124795048208
0.45462038353466927 0.6931495610233097
0.6045865350391554 0.3370775399306154
0.39947322973749544 0.6732793340891297
0.35849482037143 0.7076017983475602
0.49573768708754484 0.2946520919254998
0.22221434830902986 0.5935278163719234
0.5260919375517605 0.28971884019833205
0.6666543742880984 0.35260040338071075
0.6948013158312469 0.46441526924581333
0.7201550273965925 0.434119383064553
0.6318400250043631 0.6647961864114621
0.2673570740508525 0.4032366457765463
0.3692923930626738 0.37181463019707706
0.5930456309801317 0.7186193910253763
0.19940084584823758 0.44637622497235807
0.41975026751323696 0.29744003593179935
0.6359398784345364 0.29624683010953845
0.34584052136032906 0.6359728008230626
0.36573554001154596 0.686138317079166
0.6243272607878004 0.3342612287949638
0.6847877395016986 0.27943535898023797
0.1767494382598086 0.45408951348295434
0.7158378621302168 0.7318897740480219
0.736016020213578 0.6928914651720884
0.34362449534655504 0.6385870754740032
0.5112450444714319 0.7032941201691502
0.6568056340865369 0.5847459995113792
0.1961608510849051 0.5134989999168439
0.3588015367049049 0.6362542296214091
0.2877133277781364 0.427552512896726
0.37971027561547965 0.6350228683959039
0.37763401104917926 0.6140948265515903
0.7370667522113636 0.4361947679727598
0.4443570319534035 0.7181291343790449
0.6598181472089795 0.35888864202716353
0.6389803746677346 0.6599785130722061
0.5860714346801689 0.796144989198157
0.675472334835302 0.489801927457831
0.29353439555484306 0.7604968366700705
0.741818800375157 0.530824878896327
0.31397523993632415 0.6613607664376081
0.2926413515907137 0.6197289627034946
0.31581064709757267 0.6765115848272154
0.34275839895909854 0.7428913691151062
0.33247521908862265 0.6914200773002511
0.3186559721775464 0.4297375060898285
0.2917294127521697 0.4968765407250618
0.6826930045189593 0.391154902632742
0.7422773733457494 0.68581223099555
0.6192639855437034 0.7145851310764448
0.33336393278752274 0.428842700889867
0.22021748237887484 0.6805471573489389
0.6328993977148005 0.24897348582674161
0.5307349738773015 0.6810398856602468
0.30804110626670955 0.5051293996053631
0.33276100111609574 0.3038397045370318
0.3523087411095971 0.2514856666175799
0.27588961763076403 0.35217042792539444
0.45474671544695666 0.17824432912374844
0.2705157898962359 0.4097222592715791
0.7059295048400958 0.3186484782702591
0.6918076527673785 0.6768932687987017
0.5587402963891486 0.22025349886574008
0.7113553034606003 0.46958501145225096
0.7787776220519922 0.6613997743224296
0.327502616080407 0.28347676042636494
0.48405568888175476 0.6663586167170538
0.19716860923139357 0.6093258166905999
0.5220159551310435 0.7978740177852834
0.4856903388117847 0.7120905970720457
0.6942823334692196 0.686172435671615
0.36782800428852414 0.7547403745208793
0.7700080113649916 0.3113784182802656
0.5224905558424005 0.6812309008332096
0.25501132060118126 0.7103841963436626
0.247141163744369 0.6364447436518665
0.4883094064236636 0.8117221916076653
0.20917057064571976 0.33877764333513116
0.43601465061124156 0.6587129302760286
0.6035752137011136 0.3656613922593136
0.6650359096264713 0.6973008466373382
0.3216568424729428 0.6883348076880339
0.6651314141780221 0.7291683810977196
0.5352008367165331 0.7026770377799197
0.7031751586195947 0.43990717986225125
0.5343823827769115 0.684778091823417
0.585571001754543 0.2894479748741924
0.6551470146041976 0.6585663442388011
0.687066428644326 0.7562656426980373
0.69551026003861 0.3425184649931675
0.23431630678753756 0.6365542971080944
0.6018926510218792 0.741449061889162
0.44860363647950907 0.8237952229409485
0.7426574682197246 0.29133093859877635
0.3217234645958057 0.7225343154128958
0.4409442557802682 0.2261071836738735
0.663448215775325 0.6300344367260191
0.294608770488352 0.6360764437298929
0.8016989568506139 0.5048823413475418
0.3411344878808694 0.6511728015432076
0.28036576753408404 0.48886976868511445
0.25319763965859166 0.37190651395867946
0.8205864236829401 0.4551945639308971
0.26443709216860245 0.5079395183150619
0.418845322973621 0.34828800760072365
0.6863958621930845 0.3483007600070167
0.20109913944561097 0.4279582608304834
0.18075107612404473 0.4493274617317562
0.7062252379118468 0.46183057142671835
0.5390899931620793 0.6988172672460786
0.27277015535686433 0.401618893354597
0.6526066128918365 0.753917293584001
0.6221606858363532 0.38013445542989155
0.3674929381762919 0.6095189599676379
0.2610103407085007 0.2962708068751877
0.6442628512424179 0.32344825414308676
0.6395616464818439 0.7572798118112851
0.2969684766273175 0.6068493367720855
0.7353428180761254 0.3863744630301844
0.6472347607400526 0.39087076692700806
0.38862425751345964 0.19368455030558762
0.6420286350740854 0.29557409787983036
0.32122112496283484 0.4548428287611611
0.24238251652476295 0.5056097771493998
0.5732245543145141 0.3049408442683992
0.3084400367844158 0.7496686667695581
0.2248620405450803 0.5676332580963025
0.6423314324937613 0.6091462162908762
0.2786282990596187 0.6639392825942183
0.2101684867761855 0.34384247075129504
0.3066266539077839 0.5296069262184472
0.22767065936604525 0.6674329051297515
0.7561804096453321 0.6268917272791883
0.2618715341867681 0.30766349030498086
0.28489753998087475 0.36794668619426874
0.5826237308096834 0.6689057049082792
0.249878710722782 0.6103172746595694
0.4171711418741483 0.24946135729931151
0.7191996864215499 0.6796382152231454
0.7732256498887475 0.46808577939689666
0.642125658984166 0.2918836562835372
0.5427538625126049 0.777613757560399
0.23356563663468244 0.58737335228391
0.6653449454131115 0.7174351810068392
0.7337072488533836 0.5897608107837994
0.3493665442341839 0.6696139249767493
0.24100651366650339 0.4821779012197265
0.20412155862118075 0.4369154023772329
0.4454585790107508 0.31543979612362005
0.3591218361336661 0.3611575393794936
0.6403157179545296 0.23281251518301405
0.44096927282791676 0.7205401008222388
0.3102595291790221 0.46312783854084616
0.17258339320201577 0.504890255648943
0.36098162851786086 0.36846287184937976
0.24661231524415472 0.7036149574557535
0.5488825998840039 0.7958359863490312
0.7859624861138078 0.531692846476398
0.6815647358615068 0.3640327932355839
0.6644012818042274 0.2697017629805809
0.2251470327302959 0.6140747042280537
0.6088332458957141 0.7658322560369976
0.37733036326109837 0.30814278071186874
0.3833510599426676 0.6669079783449802
0.45398963951145044 0.23084040428575436
0.44838044465749094 0.2605863359884103
0.6883493197274181 0.7612041778035098
0.3365305630443093 0.3521644153291438
0.7416879302296331 0.2854067686838829
0.2843633612592332 0.3870956176939847
0.363816534964962 0.7472434839692905
0.6565282068523504 0.2571236388962569
0.7051847965009479 0.45333743221051803
0.710451431931065 0.5416680175215287
0.35189625183490925 0.3510413776227522
0.2707131061504726 0.5692774028272026
0.7835899468874576 0.6129233052794313
0.2877002964179417 0.40490554027877135
0.6753785558823565 0.6867265037308844
0.7384940137659766 0.3421646699897539
0.6102163150803277 0.7508850896354365
0.7486074777213966 0.3360078803784501
0.7019177115902208 0.27684251074104727
0.24165793905448862 0.615872945267231
0.7628003500219391 0.5698769909568655
0.666109463964455 0.22913324201735652
0.8225219081245203 0.4294861902324084
0.47516781211580883 0.7040875375379663
0.6012445213619 0.6527887102505822
0.6356695386958351 0.6642351343684211
0.6978800025221699 0.6885170445638563
0.48018255314082103 0.32028683441419925
0.6525014845493724 0.25288114294582686
0.7296541221754231 0.6699164321778941
0.7546266869781635 0.3934553281715646
0.5077345918326067 0.2892452337235877
0.3343972944605995 0.5411973067003664
0.3168620197055849 0.4073791325411169
0.7603634931411042 0.6334243977206336
0.37560548340569144 0.198716346321959
0.2036614498870447 0.5899928922250787
0.27660015364361057 0.6408421966368543
0.7411905521033149 0.3349460502253224
0.4707336972245588 0.7556248153000708
0.7088262716127515 0.4018144961707768
0.34057872879758644 0.5865474116055692
0.7842529653984532 0.6165525430592872
0.6944279269322952 0.6058979188754013
0.4922138792202796 0.6822238397420451
0.23608108510773018 0.4620790577705475
0.1840840117824346 0.5580247331428554
0.4928161729247901 0.17584676540917443
0.2871263485622464 0.5561777466037658
0.2790578978695911 0.3339369059313795
0.5989645304111624 0.7402314317088041
0.6910745060041822 0.651329993248107
0.5325844065805084 0.32890224894115705
0.5050834695991064 0.18365519196822233
0.5397775254360793 0.27294308632337116
0.6304188431602884 0.21161004479890777
0.249890149316783 0.5085648721913238
0.3530462890943866 0.23589161522119706
0.25844616172353285 0.5692586037620028
0.5973313913381194 0.32058198584412634
0.18595240277600944 0.5261841955863007
0.605888518533397 0.3028881175447937
0.577665901407195 0.6783242280471915
0.30521100361250864 0.598467720119172
0.6646315981400749 0.6220577650898748
0.3027655884023469 0.2678846784736001
0.6476541454221857 0.6164269588311386
0.48630468895844803 0.2044124110695873
0.7748344497024647 0.5805553352396747
0.5173718839817089 0.7393109736194103
0.3795047666627823 0.27193657132289417
0.229345069619997 0.4991147180931115
0.7149914846550364 0.6001512729304281
0.6100912960711176 0.7958893987129145
0.529370959719235 0.7170343994069779
0.5504519724987891 0.6756949969721686
0.42266653840799573 0.2307518758619722
0.5592383139160653 0.1775889370581869
0.6805648901874861 0.3159239056174874
0.4432239868729533 0.734080007422276
0.44515116079772754 0.7649488152219449
0.17126469991743165 0.542565014180842
0.23231148564466897 0.35039792911580947
0.7435698979651949 0.30929492599553277
0.22139741918578537 0.5750167471417922
0.4314964905731874 0.6856072647292469
0.6843072874356944 0.30404420335300253
0.4778677956049687 0.18878435820629724
0.640158153162921 0.21763969539840045
0.3179520176007269 0.6772321438037592
0.4848075242122144 0.1727497086605273
0.527974171711776 0.676714224150939
0.7378157737062933 0.5228075823402002
0.4428908863216583 0.7478216407393607
0.48985159305726655 0.7488802397069367
0.7099099019610754 0.5472666404807119
0.5416383776892376 0.20741424260781627
0.31752949034994615 0.42439431596761623
0.3981653144171856 0.8029651537376828
0.5313744180885991 0.18660009770152586
0.535978830225113 0.3169695069633235
0.3173899035080089 0.2233983724639763
0.3297807906006257 0.3920728365049334
0.6778487745534033 0.5241655708374234
0.24943972680024484 0.7072926321705021
0.5206354182526098 0.831697665754415
0.22988254205688163 0.3711044490287836
0.7104186619736989 0.6196878577335857
0.7951805314867786 0.37912649233042295
0.26686624513134416 0.3572830181943497
0.29476496427787746 0.5421114644605364
0.6746427102022535 0.7362805527886719
0.49829423308390375 0.7953608336105263
0.5906954325424257 0.23036699312887665
0.7272724907282234 0.4681356015338739
0.3542615114964467 0.6236382472304104
0.7917443419294162 0.5987877184994276
0.3862774679603621 0.6868313844536256
0.28316155813592003 0.28418986178949757
0.7390968034609531 0.579770275509407
0.6589025307305512 0.25451279710458385
0.22380526520315214 0.3674176692279191
0.777017902473239 0.3209264058554766
0.7061750638212562 0.41424719156328393
0.6342890460134125 0.3659857718541104
0.3689405317363956 0.23235816157051037
0.23552763569459845 0.4215049227478508
0.6886842401195905 0.4138067307395925
0.3376214531094309 0.6011356212716017
0.7309956397688189 0.727251395848093
0.49722619873455465 0.3293509503490829
0.3115220652749926 0.5056332648715406
0.7770723625240425 0.6419975039274224
0.24103277941619083 0.35713435270536276
0.7225184636542752 0.5729720254651585
0.40188913359051914 0.6723810511977434
0.6993351194298824 0.5065110580121878
0.4356126915595051 0.1763941550499044
0.593616503090586 0.19273033540202034
0.34247389690574426 0.20773104036008827
0.39988706104482963 0.7095648451386373
0.264601590811525 0.637209007185275
0.27484149757187537 0.4338519912277661
0.23676502515314823 0.6515589771967605
0.3683741044051664 0.30740387659462576
0.22681625229359537 0.4552854920404442
0.751668432566605 0.6982464353694914
0.28603804632141483 0.2956872775209992
0.5125833024172597 0.30391020292930215
0.3443941968055573 0.7190654066812496
0.7315141390303712 0.4880100623772786
0.4117120511183284 0.7607628874007313
0.31389457721320135 0.30971940675535414
0.3429916680297149 0.5805022347523474
0.29556066342340914 0.631972321243808
0.6878876069640117 0.7474416465491546
0.25320800643268293 0.5246773526358551
0.4448311858451056 0.7496080722958849
0.8082859068679662 0.5179737119741862
0.5729424466334292 0.7272758122278233
0.4956510133204325 0.30325512056461357
0.2712810134126634 0.35297010374614646
0.6573155787049028 0.61574473032354
0.4129900925626472 0.219660188622246
0.42592678071166723 0.26064339884788856
0.4255245464867832 0.34693401608743746
0.2676175316090563 0.450111795487977
0.5435687814792692 0.7257956803254668
0.785071022281055 0.3532067589674428
0.3159249783072723 0.5545450380535678
0.35791791000913986 0.3529301573643018
0.5515510493396018 0.7713741650921028
0.7460927171773498 0.7073919835109617
0.19934195487645834 0.43303182458358236
0.6596171018960213 0.3978163668025746
0.7783400540678413 0.4547987564154271
0.3836174967834487 0.3322705298257771
0.8035453692436849 0.4579384224145514
0.5746238828696231 0.24302233135818196
0.22869456563117208 0.3347040692681814
0.3500044160513639 0.7905691734894602
0.6575100761837377 0.7738511130200647
0.48119532624617234 0.26378256585643634
0.26151121026239554 0.5137960319686241
0.6267138560225187 0.7929254638384208
0.41468657902448436 0.6780069244458304
0.43723099280357025 0.7813965352411366
0.3512926069950624 0.7243755198265263
0.4728593190623911 0.18390793887820467
0.2864748513626808 0.6576035724250253
0.5853450245868709 0.24008290616297912
0.8257375279986298 0.4893894774611608
0.5707789152912017 0.7870893797738441
0.2717837701845286 0.5133485651966319
0.219968125812677 0.55019836871966
0.5659598934087634 0.7271713492612503
0.79796065223693 0.4144319939879173
0.38722479928091613 0.7955175444930163
0.25322573294039397 0.4771866389123678
0.2721494133435671 0.5001714056191903
0.6422631290304024 0.3749056052272116
0.5603898338071301 0.7510898685718433
0.5881332821190874 0.32253799353891965
0.3557907381404606 0.23061161409873443
0.8134575659170441 0.4916887087555274
0.2538856311563241 0.5846899012156751
0.6039132175250609 0.19378190628407077
0.4974047600044772 0.2144235122183048
0.27643929322503336 0.5377091125842316
0.6147780544291757 0.24993929297110962
0.8134908451907192 0.4971573403495839
0.49587825000873587 0.6726568189564182
0.27596648039838223 0.5697797796896653
0.7992057985547653 0.5833533281622105
0.29766444339097686 0.5889740330548913
0.4318919192386067 0.7656015643520429
0.6304302732438054 0.24444847402802128
0.2974362088197958 0.6848811794151937
0.31216405517811086 0.6650490432311799
0.704090728202368 0.34440426562797677
0.5052182705098266 0.6914372747401245
0.6679924998854762 0.7143010917908954
0.6156346396546087 0.6557940381311776
0.24448372605364788 0.6655133002740008
0.7402278246624681 0.6039960092818364
0.22428791900552114 0.5315310982618401
0.7759293013346745 0.4940121577317652
0.33424205040653066 0.575566523794886
0.7429281356043397 0.41895761561278644
0.6014641562632193 0.6818534542402693
0.5857432140953942 0.30429324264353685
0.28848213568338155 0.3751231356335455
0.2692411043788575 0.5855125167831345
0.5236827613286726 0.18467940111019576
0.6364437497434581 0.26547020739091354
0.2371502791998028 0.6938242491425365
0.32306735943540743 0.6499239940079388
0.23030374385617902 0.6926824094798454
0.7633817443108313 0.6758514471209662
0.29046982569075785 0.331971070941383
0.567798784527696 0.20823886249495438
0.6507581917752976 0.40454326050946054
0.6779523234223653 0.4805022583711891
0.7419688929334912 0.6510883179768564
0.36132138914040923 0.7228802753698735
0.46532466605242584 0.7888830558526227
0.3348722608416419 0.349464497607462
0.5765561818508816 0.7462126389385114
0.551019387993986 0.29757641080792807
0.6474151246717965 0.6179039540915935
0.71484982196044 0.3061010404023139
0.37912473683592496 0.3663100308790389
0.351872092143504 0.2670371357630589
0.6751372658991788 0.5422921315605529
0.6463688161745615 0.20456643154692122
0.7018479037410671 0.7433917520463142
0.6495593645296085 0.6220638515677656
0.2768821285360038 0.6704900664688038
0.2759296157887762 0.29850984158259875
0.35361919103039485 0.7466165961147985
0.34356687772309125 0.3504202938005757
0.7080653967900473 0.618052353588318
0.7258645476481528 0.6227031098044679
0.4829199427561792 0.24706251401050683
0.39411338842587107 0.7313304984484997
0.48510946754175244 0.20200008722243168
0.5699961359802733 0.28609671024221117
0.7516353009575342 0.45350667675172696
0.8278386612128013 0.5381596883494717
0.4231044952084865 0.2515703920027462
0.6813346489021287 0.4789231354976682
0.6957570477380141 0.6056830772364018
0.6460149989664207 0.3225139035993585
0.5304980177430406 0.8123340634711648
0.7451642482162523 0.6140660202574165
0.28683810301516766 0.5468668307801893
0.35977400528768155 0.31074706842002253
0.6984509141281182 0.41957988460378104
0.7609184928630635 0.4599666939898305
0.3377562261384136 0.6058876728821121
0.7312187559387644 0.5733844794670779
0.7341940180177972 0.4656179624925211
0.5595563445047903 0.20641338160647227
0.299879141392955 0.7049133938923603
0.7415074931459402 0.3400092559560207
0.5972021131815097 0.7581955827074539
0.42730574707056024 0.7741376992390384
0.6693490871122106 0.3587703340100502
0.5128039997065484 0.6974458503947881
0.5272520085837678 0.8082083934555152
0.6563164897249825 0.5891997341698588
0.2911266583792813 0.2906174237930006
0.5659363738456485 0.7906298528237818
0.4777394553189296 0.1993970915045712
0.6925103470400688 0.6135392401340122
0.3127965120241386 0.4022721524639312
0.5352407933201749 0.7948321385881321
0.19345898809430595 0.5640797638014649
0.1955313533124553 0.5784954637904407
0.7032178244721402 0.3851414326838061
0.21947962863479042 0.6452645924498221
0.5621242130339615 0.31001187750934944
0.2979533678996651 0.6077491977642342
0.7982131143714724 0.4215736819952375
0.19275648416584412 0.6171640672699957
0.6631467757805467 0.6460329110692378
0.6457488402996969 0.29576475081323694
0.34745808051160787 0.6249656367904655
0.42699492517894166 0.7246663397884718
0.7208725977364785 0.5704283731124543
0.5587389762181422 0.2169830575799352
0.4342616109670214 0.29687527378053946
0.7999906868985244 0.3975953353017988
0.7365735510706413 0.5277237319106716
0.7019862484763976 0.6692481113579032
0.5150701376461999 0.29701941653809527
0.336817819822428 0.43273625267886084
0.7823835448956094 0.49409307516344947
0.5285798799630963 0.690706760162027
0.3657499326069308 0.6894824385329132
0.6770183906616468 0.386379976586254
0.8053966515124117 0.42257239595797624
0.7874920383254596 0.37263100315207986
0.4670443401072636 0.18604002736400682
0.40844420698130557 0.23966929528651304
0.42286688665129235 0.20159255600572956
0.4726698897988637 0.18991195062130228
0.3317347871953733 0.41670670471934157
0.22714199010259073 0.3806836084849149
0.7774520883044831 0.42115974964023994
0.7726836165198163 0.6097511772181903
0.5072521720111608 0.8194776983917558
0.28614515652509365 0.5204043855365298
0.24679489735480387 0.3191138388866378
0.2827036820194303 0.2660761341745581
0.3957439242149685 0.6812292232786707
0.6114922576196696 0.22031240105213212
0.24930158490388277 0.5315245513222533
0.19483188592508316 0.599505555232619
0.3049275144693885 0.6966641825685315
0.32433056734628607 0.6540430686777271
0.6898197627724936 0.6383890120081037
0.33075016162785353 0.6726752219118748
0.5539571530873383 0.30641833773675464
0.6777755565824862 0.43540396222504407
0.22291222673639166 0.6160087246652802
0.47151999829074076 0.7668255489705204
0.5467712388455304 0.24500709716490954
0.5241296223573146 0.8298664933689619
0.6677354559465707 0.6795754181847897
0.23644897110899443 0.45148783761115596
0.2858114464098003 0.6333648318019369
0.31934487468297323 0.4387695623026421
0.6885840697467355 0.47542887215458596
0.5050595207985051 0.7773268611887261
0.2644200299963978 0.4143337308077498
0.24101863902144105 0.5771486035060028
0.4909301095280195 0.7581864162434057
0.5614814642729749 0.1909889011040864
0.6193270232563624 0.22470608837143058
0.3393556038669039 0.22514862084483334
0.312603845243445 0.2900944553483169
0.576014354693635 0.8040431763710382
0.42730944787116565 0.34234021243984325
0.6553809564654124 0.3887030056695868
0.44910645466539123 0.3104721432494798
0.6219221590485999 0.35483221293025624
0.2792061662037809 0.434639958624938
0.4266427002055715 0.6745669108886275
0.6138166644734387 0.7536322535194218
0.8211059930685074 0.412028776748963
0.6309620609827551 0.6280111795241415
0.6158349797574201 0.694165230777928
0.33987176252697593 0.5867370617635468
0.31579216539599697 0.4511319820720696
0.35487032174052224 0.7465734078438551
0.6925636203918706 0.2513887934422194
0.36465847327744283 0.6002951547921938
0.22814541215295447 0.5090217933109743
0.2325065351535892 0.5002941127794611
0.6253355446555912 0.30059444351155395
0.27037790396074446 0.5626398682287589
0.68020059133318 0.6204351770569279
0.6843653543942322 0.6538364803367871
0.32499344285632836 0.5748197839843363
0.25381024411272113 0.29531861322221986
0.6204976755517099 0.6337911192104789
0.6841557334097967 0.5373022848811244
0.2967039100104294 0.5859510186146593
0.4350407911784788 0.3105720388533173
0.6839022679965734 0.38371780019383295
0.7057273767528108 0.4104190374211917
0.3137394553707359 0.6484867316388119
0.7795860914345017 0.5085196229952458
0.28529944778641736 0.7227618004371602
0.6158612568946303 0.25982683867668455
0.546569762330816 0.6849277203271713
0.2854534594716087 0.4762138620081018
0.3327820497431263 0.2945579328817849
0.5968161947831385 0.19931052827434215
0.43481749144806126 0.18279529164216457
0.4323390618656585 0.1930223593958582
0.7247742486764749 0.30170085366784716
0.30520863887926764 0.4341256064550584
0.44802878212688935 0.26838236724087094
0.4383305577527259 0.724671477484923
0.5308754788803126 0.8228720037766644
0.8040285905626194 0.4602026283193835
0.36227042814083976 0.6748171425169127
0.7011483133195444 0.7087290406357358
0.29835025128852566 0.3506627761642941
0.35310071367484464 0.7924223179653842
0.722829980770638 0.4965810614178693
0.4059409049590592 0.7998628187316013
0.4402268325769797 0.23198168513538608
0.22060737378516615 0.36052041965380366
0.20501446811776358 0.5038186275412422
0.7205993543420955 0.5577390986196907
0.6560711429007696 0.619128230283839
0.792192931414232 0.5364523438930088
0.4144925418959611 0.25759072050903364
0.671071689518771 0.2925204464279342
0.2165023475823994 0.5742219383734107
0.3719128318483985 0.21551936185756726
0.2753840227218065 0.2569147285968021
0.6430057063384349 0.36912956358776816
0.7249200501028696 0.5829180455930747
0.24492304026008993 0.4369412610966047
0.8089550395953016 0.5818350947859333
0.6317703602700062 0.6767672505806687
0.7242028122962006 0.40510807777737945
0.7114001242057943 0.31848172187419344
0.2757479635395058 0.6952279234509079
0.764030995247922 0.34660129139331164
0.5732907650171547 0.3257224692774525
0.787749116447032 0.5180793703151952
0.4565113330102559 0.18110604242534123
0.6924197186227521 0.568674502213626
0.47429356282999546 0.18682090232618076
0.5723456515328839 0.6526029884550116
0.6455146884395055 0.7309329389047705
0.7343483597692857 0.5573515413777381
0.765736117647656 0.6725337615009483
0.4491305222987261 0.333005180984116
0.7304967562975756 0.5874649245395647
0.2353974930685182 0.6464249439455197
0.47619944443311846 0.264968325030137
0.5313769973630522 0.1899735109014925
0.3331274078461903 0.53720837900632
0.6207555367231556 0.7850944206497228
0.40538325707407186 0.714460518838702
0.6227915240039182 0.7406049251620722
0.8014916518073969 0.5804227214958201
0.38753601251159275 0.7508626017681467
0.48313679891081573 0.28513680526816587
0.575278057395634 0.8212523747085808
0.5614700783414543 0.21622241355265315
0.7480110757943434 0.5675758529057257
0.649548961859955 0.739595224598149
0.3129957211119935 0.5715371835296688
0.4141870109446607 0.6684833149849526
0.6340413461675063 0.28732442881906517
0.46854128502517 0.3079248534227085
0.4554968313209712 0.7903439523007381
0.20193294441253928 0.5194450533008877
0.24174092066415565 0.6489219352587028
0.49468043285746177 0.3204492945672134
0.45807955572846903 0.6699874617957626
0.346134861688417 0.7355289196547439
0.6507789449851604 0.35931546106310963
0.4145599551830548 0.31224243186401346
0.33193292921118756 0.5542372106583379
0.29061047462742495 0.30253636394125827
0.34215476176557247 0.6803490107577931
0.32204302389106176 0.3468282082454739
0.21259279212936277 0.5447522091201739
0.6392763039555767 0.6895732059089451
0.4471861863024347 0.7184265905853814
0.33179181821544756 0.2886015947995496
0.6917139008729039 0.3109083592458448
0.5567094533511923 0.7944955720791783
0.2710370976784633 0.7077414384253436
0.5374366135428003 0.17349132701891112
0.7614304000280364 0.5008353176011242
0.18917710384316444 0.41141787704375843
0.4438079630865237 0.30931492536835636
0.6097422819853888 0.7409524505628966
0.3014442980692039 0.5845051872327574
0.3394357198142698 0.6546421348398501
0.5978881806215395 0.2199182210208479
0.37470299321565914 0.3858768403161479
0.6763624788295575 0.22574523511746802
0.31777233310120745 0.3344044613548359
0.7957777744757014 0.4457405995556075
0.7332855380225705 0.6109243926090474
0.38646812932764707 0.24419801636172267
0.4633795742678424 0.2202793984215199
0.46751431788257847 0.7391775298799619
0.3539239092445672 0.27624810559490254
0.6380613466605257 0.7819980763355282
0.6854002398799539 0.477591134266546
0.42557641055349515 0.23650917832418294
0.34960043741368374 0.3542121611789546
0.37281665321391044 0.3871379321560462
0.3926695579095637 0.7673155495656755
0.2675623921107977 0.5661376738652086
0.5808444558521884 0.6620650069603305
0.7403832962189038 0.5228531258471273
0.3767912343860288 0.654197300171792
0.2121481708534667 0.5980060382383652
0.2539509803141091 0.47712771681162003
0.40775953755443706 0.6754570983415199
0.6993948107995034 0.2666993424171189
0.7080062607533573 0.28206594359153103
0.5797163605560501 0.7946670345549646
0.28491526735101347 0.6199907945395539
0.3952093552510485 0.6672645210510207
0.5679792814982929 0.7474621744855633
0.7205399861017908 0.4131779485742887
0.5573063825161264 0.7584624652616812
0.7459737172521141 0.6068756675330353
0.6906775852284085 0.7005031506411435
0.623230425640023 0.3546279392250531
0.24624627969268953 0.45740447652352967
0.8135950305840957 0.5792688966310268
0.6639271918853835 0.4232233865205536
0.7154926202493325 0.6071514302503395
0.2594293925383211 0.6835854365385364
0.2878315884073749 0.3823109357254699
0.7789162189962139 0.41212489425532994
0.7149343587519242 0.6749266834236219
0.5888929960587623 0.7245028662141259
0.663744548242161 0.44501162325319554
0.18876414753601056 0.5508713758402077
0.4959147987337814 0.19627604833635548
0.6250941324683595 0.19528680136777155
0.40779147503127555 0.7611438805738167
0.6609966384895722 0.7910834570824724
0.5981446241389926 0.7129367081647496
0.505252444595631 0.2967951655961385
0.4394818507413387 0.24421159922435276
